0000000000000000011100000
0000000000000000000100010
1100000100000000001000000
1100000100000000001000000
1100000100000000001000000
1100000100000000001000000
1100000100000000001000000
1100000000000000000000000
1100000000000000000000000
1100000000000000000000000
1100000000000000000000000
1100000000000000000000000
1100000000000000000000000
1100000000000000000000000
1100000000000000000000000
1100000000000000000000000
1100000000000000000000000
1100000000000000000000000
1100000000000000000000000
1100000000000000000000000
1100000000000000000000000
1100000000000000000000000
1100000000000000000000000
1100000000000000000000000
1100000000000000000000000
1100000000000000000000000
1100000000000000000000000
1100000000000000000000000
1100000000000000000000000
1100000000000000000000000
1100000000000000000000000
1100000000000000000000000
1100000000000000000000000
1100000000000000000000000
1100000000000000000000000
1100000000000000000000000
1100000000000000000000000
1100000000000000000000000
1100000000000000000000000
1100000000000000000000000
1100000000000000000000000
1100000000000000000000000
1100000000000000000000000
1100000000000000000000000
1100000000000000000000000
1100000000000000000000000
1100000000000000000000000
1100000000000000000000000
1100000000000000000000000
1100000000000000000000000
1100000000000000000000000
1100000000000000000000000
1100000000000000000000000
1100000000000000000000000
1100000000000000000000000
1100000000000000000000000
1100000000000000000000000
1100000000000000000000000
1100000000000000000000000
1100000000000000000000000
1100000000000000000000000
1100000000000000000000000
1100000000000000000000000
1100000000000000000000000